2.15 0.03 -1.00
4.35 0.03 -1.00
0.01 0.06 -1.00
4.11 0.05 -1.00
5.09 0.05 -1.00
3.81 0.07 -1.00
1.65 0.12 -1.00
5.41 0.06 -1.00
0.81 0.15 -1.00
0.19 0.18 -1.00
3.98 0.09 -1.00
0.64 0.20 -1.00
0.50 0.21 -1.00
1.32 0.19 -1.00
0.44 0.24 -1.00
5.97 0.08 -1.00
0.59 0.30 -1.00
6.46 0.06 -1.00
2.44 0.25 -1.00
0.55 0.34 -1.00
1.36 0.32 -1.00
0.35 0.38 -1.00
2.94 0.25 -1.00
1.53 0.33 -1.00
0.06 0.44 -1.00
1.69 0.37 -1.00
0.94 0.44 -1.00
0.63 0.47 -1.00
2.13 0.37 -1.00
5.55 0.15 -1.00
3.08 0.32 -1.00
2.67 0.35 -1.00
0.21 0.53 -1.00
0.94 0.49 -1.00
5.38 0.17 -1.00
0.52 0.53 -1.00
1.75 0.45 -1.00
1.79 0.48 -1.00
1.79 0.49 -1.00
0.03 0.64 -1.00
2.34 0.49 -1.00
1.78 0.60 -0.99
0.59 0.74 -0.99
1.51 0.73 -0.99
3.41 0.50 -0.99
3.44 0.50 -0.99
4.26 0.47 -0.99
0.70 0.99 -0.99
1.54 0.90 -0.99
0.32 1.12 -0.99
1.28 1.01 -0.99
0.74 1.10 -0.99
2.84 0.77 -0.99
0.49 1.20 -0.99
1.30 1.09 -0.98
5.32 0.39 -0.98
2.68 0.90 -0.98
1.09 1.24 -0.98
5.79 0.33 -0.98
1.03 1.26 -0.98
0.13 1.45 -0.98
1.43 1.20 -0.98
0.84 1.34 -0.98
5.10 0.48 -0.98
1.61 1.20 -0.98
0.93 1.35 -0.98
0.00 1.55 -0.98
0.83 1.42 -0.98
2.23 1.13 -0.98
4.58 0.63 -0.98
3.31 0.91 -0.98
0.36 1.58 -0.98
0.52 1.58 -0.98
4.05 0.78 -0.97
1.19 1.46 -0.97
1.39 1.44 -0.97
3.13 1.06 -0.97
1.01 1.57 -0.97
2.94 1.15 -0.97
5.76 0.43 -0.97
1.17 1.61 -0.97
3.82 0.97 -0.97
5.80 0.44 -0.97
1.27 1.67 -0.97
2.44 1.36 -0.96
0.86 1.81 -0.96
1.59 1.65 -0.96
4.67 0.78 -0.96
3.01 1.26 -0.96
2.59 1.44 -0.96
1.74 1.70 -0.96
0.70 2.05 -0.96
4.10 1.04 -0.95
2.39 1.58 -0.95
4.27 1.03 -0.95
1.74 1.88 -0.95
4.04 1.13 -0.95
0.16 2.43 -0.95
6.22 0.41 -0.95
2.68 1.63 -0.95
5.20 0.78 -0.94
5.91 0.53 -0.94
1.67 2.03 -0.94
1.44 2.13 -0.94
1.27 2.28 -0.94
0.84 2.45 -0.94
0.45 2.64 -0.94
5.89 0.58 -0.94
5.85 0.60 -0.93
2.48 1.94 -0.93
2.46 1.95 -0.93
1.78 2.22 -0.93
1.84 2.20 -0.93
3.86 1.40 -0.93
5.26 0.86 -0.93
2.35 2.04 -0.93
1.06 2.57 -0.93
2.69 1.92 -0.93
0.46 2.84 -0.93
2.93 1.85 -0.92
0.99 2.65 -0.92
5.32 0.88 -0.92
6.72 0.29 -0.92
2.23 2.20 -0.92
1.76 2.40 -0.92
0.76 2.85 -0.92
6.59 0.36 -0.92
5.95 0.65 -0.91
0.87 2.92 -0.91
5.91 0.68 -0.91
3.30 1.90 -0.91
1.17 2.91 -0.91
6.41 0.47 -0.91
1.89 2.58 -0.91
3.47 1.85 -0.91
2.00 2.55 -0.90
1.38 2.85 -0.90
1.63 2.74 -0.90
4.62 1.33 -0.90
0.19 3.44 -0.90
6.00 0.68 -0.90
2.35 2.47 -0.90
1.42 2.95 -0.90
1.01 3.18 -0.90
1.88 2.76 -0.89
4.99 1.21 -0.89
1.55 2.93 -0.89
2.92 2.24 -0.89
0.68 3.37 -0.89
1.84 2.82 -0.89
3.08 2.21 -0.89
2.75 2.39 -0.89
1.12 3.24 -0.89
2.17 2.71 -0.89
1.88 2.87 -0.89
2.94 2.32 -0.89
2.50 2.56 -0.89
2.15 2.78 -0.88
2.00 2.88 -0.88
3.74 1.99 -0.88
1.14 3.40 -0.88
1.43 3.29 -0.88
4.53 1.60 -0.87
6.14 0.71 -0.87
3.29 2.31 -0.87
5.79 0.91 -0.87
5.61 1.02 -0.87
0.81 3.78 -0.87
1.11 3.62 -0.87
0.21 4.14 -0.87
4.05 1.93 -0.87
1.96 3.21 -0.86
1.00 3.83 -0.86
0.40 4.19 -0.86
1.38 3.60 -0.86
3.05 2.62 -0.86
1.81 3.41 -0.85
0.35 4.32 -0.85
0.14 4.47 -0.85
4.71 1.67 -0.85
3.99 2.12 -0.85
4.87 1.57 -0.85
5.84 1.00 -0.84
1.79 3.60 -0.84
1.80 3.59 -0.84
4.77 1.70 -0.84
3.02 2.83 -0.84
0.49 4.49 -0.84
1.00 4.17 -0.84
2.44 3.26 -0.84
0.05 4.87 -0.83
2.19 3.49 -0.83
2.23 3.47 -0.83
1.63 3.92 -0.83
2.69 3.22 -0.83
1.57 4.01 -0.82
0.74 4.61 -0.82
1.44 4.13 -0.82
1.38 4.18 -0.82
0.80 4.68 -0.82
5.68 1.23 -0.81
0.92 4.63 -0.81
1.73 4.09 -0.81
1.09 4.56 -0.81
2.12 3.85 -0.81
2.47 3.60 -0.81
0.41 5.11 -0.81
0.38 5.15 -0.81
5.39 1.48 -0.81
0.36 5.24 -0.80
2.00 4.01 -0.80
0.31 5.30 -0.80
5.33 1.55 -0.80
1.26 4.62 -0.80
4.86 1.92 -0.80
2.31 3.86 -0.80
0.53 5.22 -0.80
3.64 2.88 -0.79
0.37 5.40 -0.79
0.73 5.14 -0.79
2.83 3.52 -0.79
4.47 2.26 -0.79
1.13 4.90 -0.79
1.22 4.84 -0.79
4.71 2.12 -0.79
3.94 2.72 -0.79
6.08 1.04 -0.79
1.73 4.48 -0.78
1.88 4.36 -0.78
3.25 3.34 -0.78
5.30 1.71 -0.78
0.59 5.61 -0.77
1.84 4.58 -0.77
2.47 4.07 -0.77
2.35 4.17 -0.77
5.27 1.77 -0.77
4.82 2.16 -0.77
0.63 5.68 -0.77
0.16 6.09 -0.77
4.85 2.16 -0.76
1.57 5.03 -0.76
2.57 4.17 -0.76
4.82 2.25 -0.75
5.20 1.93 -0.75
2.44 4.36 -0.75
1.91 4.84 -0.75
0.05 6.50 -0.75
2.11 4.74 -0.74
2.38 4.50 -0.74
0.18 6.50 -0.74
1.01 5.79 -0.74
4.01 3.07 -0.74
4.43 2.69 -0.74
3.44 3.60 -0.74
3.23 3.82 -0.74
2.19 4.78 -0.74
2.67 4.35 -0.74
3.13 3.96 -0.73
0.03 6.87 -0.73
6.00 1.30 -0.73
5.18 2.08 -0.73
6.85 0.51 -0.73
1.44 5.64 -0.73
1.19 5.90 -0.72
4.69 2.57 -0.72
0.74 6.33 -0.72
4.37 2.93 -0.72
2.06 5.23 -0.71
2.22 5.07 -0.71
5.66 1.70 -0.71
4.06 3.27 -0.71
3.32 4.02 -0.71
0.17 7.18 -0.71
1.85 5.54 -0.71
3.08 4.34 -0.70
3.62 3.80 -0.70
0.64 6.86 -0.70
2.58 4.88 -0.70
1.42 6.07 -0.70
3.16 4.34 -0.70
1.08 6.47 -0.70
4.60 2.86 -0.70
0.14 7.49 -0.70
4.76 2.73 -0.69
4.80 2.70 -0.69
4.32 3.21 -0.69
3.29 4.30 -0.69
2.25 5.42 -0.69
0.90 6.88 -0.69
0.35 7.48 -0.69
3.80 3.82 -0.68
4.70 2.87 -0.68
1.44 6.37 -0.68
1.10 6.75 -0.68
3.99 3.67 -0.68
3.68 4.00 -0.68
1.37 6.60 -0.67
4.62 3.05 -0.67
6.48 1.01 -0.67
5.66 1.91 -0.67
2.48 5.43 -0.67
1.09 6.98 -0.67
1.21 6.86 -0.67
5.87 1.69 -0.67
1.21 6.89 -0.67
4.47 3.28 -0.67
4.49 3.26 -0.67
1.88 6.19 -0.67
2.38 5.64 -0.66
1.98 6.12 -0.66
1.77 6.39 -0.66
2.30 5.79 -0.66
0.30 8.06 -0.66
2.67 5.40 -0.66
0.41 7.98 -0.66
5.24 2.47 -0.66
2.11 6.07 -0.66
5.63 2.02 -0.66
5.96 1.66 -0.65
6.45 1.09 -0.65
0.16 8.45 -0.65
2.46 5.77 -0.65
0.66 7.88 -0.65
2.76 5.48 -0.65
4.82 3.05 -0.64
3.30 4.85 -0.64
0.48 8.22 -0.64
2.80 5.46 -0.64
0.84 7.80 -0.64
4.96 2.91 -0.64
0.62 8.12 -0.64
2.78 5.54 -0.64
1.84 6.67 -0.64
1.92 6.63 -0.64
0.12 8.86 -0.63
0.03 9.01 -0.63
1.80 6.84 -0.63
0.96 7.88 -0.63
2.01 6.62 -0.63
5.38 2.49 -0.63
5.94 1.80 -0.63
1.52 7.32 -0.63
3.56 4.80 -0.62
0.94 8.09 -0.62
2.00 6.77 -0.62
0.04 9.23 -0.62
2.24 6.51 -0.62
0.09 9.24 -0.62
0.95 8.15 -0.62
2.63 6.04 -0.62
3.40 5.08 -0.62
0.52 8.77 -0.62
4.43 3.79 -0.62
2.12 6.78 -0.61
3.27 5.33 -0.61
1.25 7.93 -0.61
1.64 7.45 -0.61
0.15 9.40 -0.61
2.36 6.53 -0.61
0.99 8.35 -0.61
5.21 2.84 -0.61
1.86 7.30 -0.60
0.40 9.25 -0.60
3.34 5.37 -0.60
1.50 7.84 -0.60
2.64 6.34 -0.60
1.37 8.04 -0.60
3.03 5.87 -0.60
3.40 5.38 -0.60
3.14 5.73 -0.60
5.82 2.11 -0.59
0.56 9.25 -0.59
2.41 6.75 -0.59
2.60 6.50 -0.59
3.47 5.33 -0.59
0.09 9.96 -0.59
1.18 8.48 -0.59
1.50 8.06 -0.59
4.95 3.34 -0.59
3.65 5.13 -0.59
1.13 8.61 -0.59
1.24 8.47 -0.59
1.09 8.69 -0.59
4.96 3.35 -0.59
4.78 3.60 -0.59
1.59 8.03 -0.59
4.94 3.39 -0.59
5.64 2.43 -0.58
2.95 6.16 -0.58
0.98 8.93 -0.58
3.93 4.81 -0.58
4.09 4.60 -0.58
1.14 8.81 -0.58
0.70 9.49 -0.58
1.55 8.29 -0.58
2.58 6.84 -0.57
1.33 8.64 -0.57
0.75 9.50 -0.57
1.96 7.77 -0.57
3.52 5.54 -0.57
1.47 8.50 -0.57
3.94 4.96 -0.57
0.71 9.63 -0.57
1.64 8.30 -0.57
0.52 9.92 -0.57
5.16 3.22 -0.57
2.15 7.59 -0.57
3.59 5.52 -0.57
3.55 5.59 -0.57
4.75 3.85 -0.56
0.93 9.62 -0.56
1.48 8.81 -0.56
3.06 6.46 -0.56
1.91 8.23 -0.55
3.02 6.57 -0.55
4.79 3.90 -0.55
3.45 5.98 -0.55
2.66 7.26 -0.55
3.75 5.58 -0.55
4.01 5.18 -0.55
1.58 8.93 -0.54
4.57 4.34 -0.54
6.85 0.83 -0.54
1.80 8.63 -0.54
0.95 9.98 -0.54
2.04 8.37 -0.54
1.48 9.25 -0.54
6.26 1.76 -0.54
3.99 5.34 -0.54
4.48 4.58 -0.53
5.84 2.44 -0.53
2.93 7.08 -0.53
2.27 8.15 -0.53
1.70 9.07 -0.53
2.56 7.69 -0.53
3.21 6.68 -0.53
5.57 2.91 -0.53
2.57 7.78 -0.53
3.87 5.68 -0.53
2.84 7.39 -0.52
4.25 5.13 -0.52
1.99 8.83 -0.52
1.75 9.26 -0.52
2.34 8.30 -0.52
6.22 1.91 -0.52
4.61 4.57 -0.52
3.67 6.15 -0.52
1.73 9.38 -0.52
3.84 5.90 -0.51
1.92 9.21 -0.51
4.61 4.72 -0.51
3.88 5.96 -0.51
3.05 7.37 -0.51
5.29 3.59 -0.50
5.17 3.79 -0.50
2.76 7.93 -0.50
5.84 2.65 -0.50
2.44 8.49 -0.50
2.93 7.71 -0.50
3.77 6.30 -0.50
3.42 6.92 -0.50
2.29 8.93 -0.50
3.50 6.87 -0.49
2.34 8.97 -0.49
2.89 8.09 -0.49
6.86 0.94 -0.49
2.06 9.66 -0.48
6.38 1.82 -0.48
5.19 4.01 -0.48
4.98 4.39 -0.48
2.68 8.62 -0.48
2.33 9.27 -0.48
2.60 8.77 -0.48
6.73 1.20 -0.48
2.44 9.12 -0.48
5.27 3.95 -0.47
2.07 9.94 -0.47
2.35 9.45 -0.47
4.12 6.12 -0.47
4.56 5.32 -0.47
3.82 6.78 -0.47
5.14 4.26 -0.46
3.35 7.68 -0.46
3.62 7.19 -0.46
3.94 6.59 -0.46
3.07 8.28 -0.46
2.38 9.71 -0.46
3.61 7.40 -0.45
5.00 4.67 -0.45
6.87 1.00 -0.45
2.62 9.43 -0.45
2.52 9.71 -0.45
6.09 2.59 -0.45
5.39 4.07 -0.44
3.04 8.89 -0.44
2.97 9.05 -0.44
3.95 7.06 -0.44
3.44 8.15 -0.44
3.75 7.60 -0.43
3.26 8.69 -0.43
3.36 8.48 -0.43
6.29 2.29 -0.43
5.91 3.14 -0.43
4.14 6.96 -0.42
4.01 7.36 -0.42
3.84 7.74 -0.42
3.17 9.31 -0.41
4.45 6.48 -0.41
3.12 9.43 -0.41
4.71 5.93 -0.41
4.46 6.53 -0.41
3.25 9.32 -0.41
6.47 2.06 -0.40
4.94 5.53 -0.40
4.18 7.29 -0.40
4.57 6.40 -0.40
3.04 9.92 -0.40
5.56 4.17 -0.40
3.57 8.78 -0.40
4.62 6.49 -0.39
5.58 4.26 -0.39
6.13 2.96 -0.39
3.32 9.63 -0.39
6.28 2.62 -0.39
6.20 2.81 -0.39
5.27 5.01 -0.39
3.98 8.15 -0.38
5.46 4.61 -0.38
3.28 9.86 -0.38
4.39 7.18 -0.38
4.98 5.76 -0.38
6.57 1.95 -0.38
4.77 6.29 -0.38
5.05 5.66 -0.38
3.58 9.31 -0.38
5.02 5.79 -0.38
3.64 9.25 -0.37
4.50 7.17 -0.37
4.01 8.41 -0.37
4.68 6.78 -0.37
5.95 3.62 -0.37
3.56 9.82 -0.36
5.80 4.08 -0.36
6.03 3.51 -0.36
3.56 9.98 -0.36
3.80 9.39 -0.36
4.00 8.92 -0.35
6.27 2.93 -0.35
6.80 1.55 -0.35
6.34 2.81 -0.35
3.87 9.56 -0.34
6.40 2.66 -0.34
5.27 5.82 -0.34
5.08 6.35 -0.34
4.58 7.81 -0.34
6.50 2.48 -0.33
5.16 6.25 -0.33
4.49 8.16 -0.33
4.39 8.51 -0.33
4.39 8.54 -0.33
5.01 6.78 -0.33
5.79 4.53 -0.33
5.46 5.52 -0.33
5.83 4.47 -0.33
4.76 7.57 -0.33
4.28 9.05 -0.32
4.38 8.81 -0.32
5.02 6.94 -0.32
4.40 8.80 -0.32
5.13 6.68 -0.32
4.61 8.20 -0.32
4.27 9.34 -0.32
4.53 8.61 -0.31
4.61 8.39 -0.31
6.53 2.57 -0.31
4.66 8.29 -0.31
4.64 8.49 -0.31
4.40 9.24 -0.31
4.38 9.32 -0.31
5.85 4.76 -0.31
4.26 9.71 -0.31
4.96 7.58 -0.30
5.61 5.54 -0.30
4.95 7.60 -0.30
4.28 9.84 -0.30
4.88 7.95 -0.30
5.52 5.95 -0.30
4.35 9.68 -0.30
6.92 1.45 -0.30
5.69 5.46 -0.30
5.99 4.48 -0.29
5.36 6.68 -0.29
5.79 5.30 -0.29
6.88 1.66 -0.29
6.22 3.87 -0.29
4.63 9.44 -0.28
6.00 4.75 -0.28
5.59 6.24 -0.28
6.13 4.43 -0.27
6.40 3.54 -0.27
5.61 6.45 -0.26
5.27 7.70 -0.26
5.53 6.75 -0.26
6.84 1.96 -0.26
5.31 7.57 -0.26
6.03 4.92 -0.26
6.79 2.15 -0.26
5.23 7.91 -0.26
5.77 5.93 -0.26
6.53 3.13 -0.26
5.13 8.39 -0.26
4.77 9.95 -0.25
5.51 7.16 -0.25
5.97 5.45 -0.25
6.54 3.24 -0.25
5.57 7.09 -0.25
5.31 8.21 -0.24
4.94 9.73 -0.24
4.89 9.94 -0.24
5.27 8.48 -0.24
6.80 2.31 -0.24
6.67 2.89 -0.24
6.10 5.26 -0.24
5.20 8.95 -0.24
5.33 8.44 -0.24
5.90 6.18 -0.23
5.11 9.71 -0.23
6.02 5.88 -0.22
6.38 4.33 -0.22
6.41 4.32 -0.22
6.38 4.52 -0.22
5.97 6.46 -0.21
5.73 7.56 -0.21
5.79 7.36 -0.21
5.74 7.63 -0.21
6.30 5.08 -0.21
5.77 7.73 -0.20
5.32 9.94 -0.20
5.49 9.13 -0.20
5.50 9.11 -0.20
6.09 6.27 -0.20
6.15 6.07 -0.20
5.74 8.13 -0.20
5.52 9.20 -0.20
5.48 9.47 -0.20
5.51 9.33 -0.20
6.19 5.96 -0.19
5.82 7.84 -0.19
6.74 3.24 -0.19
6.56 4.14 -0.19
5.73 8.46 -0.19
7.28 0.47 -0.19
6.38 5.24 -0.19
6.48 4.79 -0.18
5.80 8.44 -0.18
6.18 6.43 -0.18
5.63 9.49 -0.18
5.77 8.78 -0.18
6.48 4.90 -0.18
6.01 7.71 -0.17
6.13 7.22 -0.17
6.19 6.94 -0.17
6.02 8.36 -0.16
6.41 5.97 -0.16
7.19 1.13 -0.16
6.47 5.93 -0.15
7.04 2.21 -0.15
6.23 7.53 -0.15
6.11 8.40 -0.15
6.36 7.17 -0.14
6.68 4.88 -0.14
6.67 4.97 -0.14
6.00 9.68 -0.14
6.38 7.00 -0.14
6.84 3.83 -0.14
7.12 1.83 -0.14
7.05 2.33 -0.14
6.37 7.40 -0.13
6.26 8.36 -0.13
6.38 7.59 -0.13
6.68 5.29 -0.13
6.39 7.60 -0.13
6.75 4.83 -0.13
6.50 6.88 -0.13
6.98 3.12 -0.13
6.14 9.90 -0.12
6.58 6.47 -0.12
6.50 7.07 -0.12
6.22 9.64 -0.12
6.30 9.24 -0.12
7.01 3.17 -0.11
7.00 3.28 -0.11
6.40 9.28 -0.10
6.59 7.62 -0.10
7.03 3.33 -0.10
6.92 4.43 -0.10
6.39 9.66 -0.10
6.77 5.96 -0.10
6.74 6.29 -0.10
6.46 9.19 -0.10
6.74 6.38 -0.10
6.93 4.44 -0.10
6.55 8.58 -0.09
6.45 9.85 -0.09
6.57 8.59 -0.09
6.54 9.17 -0.09
6.80 6.45 -0.09
6.63 8.65 -0.09
6.58 9.47 -0.08
6.57 9.67 -0.08
6.70 8.27 -0.08
6.57 9.95 -0.08
6.67 8.79 -0.08
6.80 7.49 -0.08
6.68 9.37 -0.07
6.72 8.89 -0.07
6.76 8.70 -0.07
6.78 8.46 -0.07
7.01 5.18 -0.07
6.83 7.86 -0.07
7.28 1.39 -0.07
7.35 0.29 -0.07
7.00 5.68 -0.06
7.03 5.40 -0.06
6.86 8.10 -0.06
6.92 7.69 -0.06
6.84 9.11 -0.06
6.99 6.82 -0.06
7.18 4.00 -0.05
6.98 8.90 -0.04
7.22 3.51 -0.04
7.17 4.60 -0.04
7.11 6.11 -0.04
7.13 5.87 -0.04
7.16 5.47 -0.04
7.14 6.35 -0.04
7.29 2.25 -0.03
7.24 4.64 -0.03
7.32 1.89 -0.03
7.13 9.41 -0.03
7.22 7.27 -0.02
7.19 9.25 -0.02
7.31 3.28 -0.02
7.26 6.38 -0.02
7.27 6.16 -0.02
7.26 7.47 -0.01
7.29 6.39 -0.01
7.29 7.11 -0.01
7.31 6.53 -0.01
7.31 8.28 -0.01
7.39 9.32 0.00
7.38 4.63 0.00
7.39 4.77 0.01
7.43 8.46 0.01
7.44 9.23 0.01
7.40 4.47 0.01
7.43 7.28 0.01
7.45 9.70 0.01
7.41 5.05 0.01
7.47 9.34 0.01
7.44 5.27 0.01
7.45 5.31 0.02
7.48 6.29 0.02
7.40 2.02 0.02
7.62 9.64 0.03
7.49 4.74 0.03
7.49 4.80 0.03
7.44 2.68 0.03
7.56 6.93 0.03
7.47 3.50 0.03
7.56 6.00 0.03
7.69 9.90 0.03
7.64 7.74 0.03
7.50 3.69 0.04
7.47 2.77 0.04
7.62 6.91 0.04
7.67 8.03 0.04
7.60 6.09 0.04
7.65 6.99 0.04
7.46 2.24 0.04
7.76 9.26 0.04
7.50 3.04 0.04
7.78 9.36 0.04
7.76 8.33 0.05
7.75 7.92 0.05
7.75 7.95 0.05
7.65 5.37 0.05
7.52 2.98 0.05
7.58 3.85 0.05
7.84 8.59 0.06
7.80 7.66 0.06
7.83 7.98 0.06
7.83 7.74 0.06
7.83 7.32 0.06
7.82 7.19 0.06
7.93 8.62 0.06
7.71 5.19 0.07
7.78 6.23 0.07
7.95 8.65 0.07
7.85 6.77 0.07
7.86 6.85 0.07
7.71 4.63 0.07
8.08 9.19 0.08
7.63 3.26 0.08
7.94 6.91 0.08
7.98 7.33 0.08
8.16 9.26 0.08
7.97 7.03 0.09
8.21 9.68 0.09
8.15 8.95 0.09
7.83 5.08 0.09
8.06 7.50 0.09
8.21 8.93 0.09
8.02 6.78 0.10
8.24 8.95 0.10
7.87 5.18 0.10
8.03 6.73 0.10
8.30 9.16 0.10
8.14 7.53 0.10
7.94 5.48 0.10
8.33 9.25 0.10
8.41 9.96 0.10
8.20 7.43 0.11
8.48 9.59 0.11
8.33 8.13 0.12
8.37 8.18 0.12
8.30 7.61 0.12
8.19 6.39 0.13
8.14 5.94 0.13
8.57 9.10 0.13
8.49 8.31 0.13
7.76 2.88 0.13
8.29 6.76 0.14
8.38 7.24 0.14
7.89 3.74 0.14
8.79 9.87 0.14
8.59 8.48 0.14
8.44 7.35 0.14
8.32 6.50 0.15
8.22 5.78 0.15
8.84 9.67 0.15
8.16 5.16 0.15
8.61 8.05 0.15
8.01 4.12 0.15
7.99 3.90 0.16
7.86 3.07 0.16
8.87 9.33 0.16
8.90 9.46 0.16
8.00 3.91 0.16
8.73 8.31 0.16
8.20 5.07 0.16
8.88 9.07 0.17
9.03 9.84 0.17
8.45 6.26 0.17
8.19 4.73 0.17
8.66 7.21 0.18
8.98 9.00 0.18
8.08 3.87 0.18
8.85 7.94 0.18
8.33 5.15 0.18
9.01 8.76 0.18
8.97 8.44 0.19
8.52 6.01 0.19
9.02 8.51 0.19
9.10 8.86 0.19
9.10 8.74 0.19
9.33 9.81 0.20
8.50 5.67 0.20
9.10 8.67 0.20
9.06 8.43 0.20
8.14 3.85 0.20
8.87 7.35 0.20
8.73 6.64 0.20
8.18 3.94 0.20
8.66 6.23 0.20
8.99 7.67 0.21
8.92 7.29 0.21
8.81 6.75 0.21
9.13 8.20 0.21
9.31 9.00 0.21
8.95 7.26 0.21
8.99 7.48 0.21
8.92 7.12 0.21
8.01 2.91 0.22
9.26 8.44 0.22
9.43 9.16 0.22
9.28 8.47 0.22
9.53 9.49 0.22
8.80 6.20 0.23
9.50 9.20 0.23
9.41 8.81 0.23
8.74 5.89 0.23
8.83 6.26 0.23
9.52 9.16 0.23
8.89 6.47 0.23
8.30 3.94 0.23
8.64 5.34 0.23
9.59 9.19 0.24
8.69 5.47 0.24
9.41 8.26 0.24
8.90 6.11 0.24
9.39 8.00 0.25
7.61 0.97 0.25
7.76 1.53 0.25
9.40 7.88 0.25
8.65 4.92 0.25
7.68 1.22 0.25
9.19 6.99 0.25
8.40 3.94 0.25
9.85 9.35 0.26
9.44 7.73 0.26
9.21 6.85 0.26
9.31 7.21 0.26
8.76 5.15 0.26
8.27 3.31 0.26
9.08 6.22 0.27
8.29 3.30 0.27
9.52 7.60 0.27
9.60 7.75 0.28
9.17 6.28 0.28
9.81 8.45 0.28
7.88 1.77 0.28
9.59 7.37 0.29
8.55 3.90 0.29
8.27 2.91 0.30
7.89 1.68 0.30
7.78 1.30 0.31
9.79 7.44 0.31
7.49 0.36 0.32
7.84 1.39 0.33
9.99 7.56 0.33
9.97 7.49 0.33
9.86 7.08 0.33
9.58 6.24 0.33
9.72 6.54 0.34
9.56 5.89 0.35
9.02 4.32 0.36
8.09 1.89 0.36
8.82 3.66 0.37
8.33 2.34 0.38
9.28 4.59 0.39
9.80 5.73 0.39
9.24 4.27 0.40
8.90 3.49 0.40
9.73 5.19 0.42
9.50 4.66 0.42
9.44 4.51 0.42
9.35 4.27 0.42
9.89 5.33 0.43
8.72 2.85 0.43
9.89 5.29 0.43
9.51 4.45 0.44
9.88 5.15 0.44
8.90 3.12 0.44
9.77 4.55 0.47
9.04 3.13 0.47
8.73 2.55 0.47
9.93 4.74 0.48
9.10 3.18 0.48
8.09 1.32 0.49
9.32 3.48 0.49
8.23 1.48 0.51
8.73 2.33 0.51
9.07 2.79 0.52
9.36 3.25 0.53
8.62 2.04 0.53
8.19 1.30 0.54
9.54 3.34 0.55
9.05 2.58 0.55
8.38 1.55 0.55
9.51 3.24 0.55
9.08 2.53 0.56
7.73 0.52 0.58
9.31 2.68 0.59
9.85 3.38 0.59
9.20 2.41 0.61
8.10 0.95 0.62
9.69 2.96 0.62
8.67 1.66 0.62
8.85 1.86 0.63
8.80 1.73 0.64
9.22 2.22 0.64
9.85 2.96 0.64
9.63 2.65 0.65
9.57 2.54 0.66
9.58 2.53 0.66
9.04 1.91 0.66
9.12 1.98 0.67
8.59 1.33 0.68
8.67 1.42 0.68
9.03 1.60 0.73
7.94 0.54 0.74
9.24 1.70 0.74
8.65 1.10 0.77
8.98 1.36 0.77
9.99 2.18 0.77
9.74 1.96 0.78
8.90 1.25 0.78
10.00 2.04 0.79
7.73 0.28 0.81
8.65 0.94 0.81
8.88 1.02 0.83
9.07 1.14 0.84
9.75 1.54 0.84
8.41 0.67 0.85
9.47 1.22 0.87
9.28 1.10 0.87
9.17 1.03 0.87
9.15 1.01 0.88
9.61 1.26 0.88
8.71 0.72 0.89
8.89 0.77 0.90
9.46 1.01 0.90
9.31 0.92 0.91
9.29 0.90 0.91
9.33 0.89 0.91
9.59 0.89 0.93
8.88 0.53 0.95
9.23 0.43 0.98
9.98 0.54 0.98
7.78 0.07 0.99
9.47 0.14 1.00
9.84 0.04 1.00
7.37 0.02 0.00
