4.48 0.01 1.00
8.35 0.05 1.00
9.86 0.32 1.00
9.95 0.69 0.99
10.00 1.29 0.98
10.00 3.43 0.89
10.00 9.83 0.57
9.87 9.91 0.55
9.24 9.99 0.51
3.27 10.00 0.00
2.38 9.99 -0.09
1.65 9.88 -0.16
1.02 9.77 -0.22
0.33 9.62 -0.29
0.16 8.92 -0.33
0.09 8.54 -0.35
0.01 6.71 -0.44
0.00 4.38 -0.60
0.14 0.93 -0.96
0.29 0.40 -0.99
0.59 0.14 -1.00
0.98 0.02 -1.00
7.37 0.02 1.00
9.84 0.04 1.00
9.98 0.54 1.00
10.00 2.04 0.96
9.99 7.56 0.66
9.85 9.35 0.58
9.33 9.81 0.53
8.41 9.96 0.46
3.56 9.98 0.03
0.95 9.98 -0.23
0.09 9.96 -0.30
0.04 9.23 -0.33
0.03 9.01 -0.34
0.00 1.55 -0.90
0.01 0.06 -1.00
3.27 0.01 0.00
