0.01 0.06
0.04 9.23
0.16 2.43
0.35 7.48
0.49 4.49
0.52 0.53
0.52 1.58
0.53 5.22
0.64 6.86
0.64 0.20
0.70 9.49
0.70 2.05
0.70 0.99
0.74 6.33
0.75 9.50
0.93 1.35
1.00 3.83
1.03 1.26
1.08 6.47
1.10 6.75
1.11 3.62
1.19 5.90
1.21 6.86
1.25 7.93
1.30 1.09
1.37 8.04
1.38 3.60
1.42 6.07
1.48 8.81
1.51 0.73
1.52 7.32
1.53 0.33
1.57 4.01
1.57 5.03
1.63 2.74
1.63 3.92
1.64 8.30
1.64 7.45
1.70 9.07
1.76 2.40
1.78 2.22
1.80 6.84
1.81 3.41
1.88 2.76
1.88 6.19
1.88 4.36
1.92 6.63
1.98 6.12
2.00 4.01
2.11 4.74
2.24 6.51
2.29 8.93
2.31 3.86
2.34 8.30
2.38 9.71
2.44 3.26
2.57 7.78
2.60 6.50
2.60 8.77
2.67 5.40
2.78 5.54
2.80 5.46
2.83 3.52
2.84 7.39
2.93 7.71
2.94 1.15
2.94 2.32
2.97 9.05
3.02 6.57
3.04 8.89
3.04 9.92
3.05 2.62
3.05 7.37
3.08 2.21
3.16 4.34
3.25 9.32
3.29 2.31
3.30 1.90
3.31 0.91
3.35 7.68
3.36 8.48
3.44 8.15
3.45 5.98
3.47 1.85
3.50 6.87
3.57 8.78
3.59 5.52
3.62 7.19
3.64 2.88
3.65 5.13
3.75 7.60
3.80 3.82
3.84 7.74
3.94 6.59
3.95 7.06
3.98 8.15
4.00 8.92
4.11 0.05
4.14 6.96
4.27 9.34
4.35 0.03
4.38 9.32
4.40 9.24
4.40 8.80
4.47 2.26
4.58 0.63
4.58 7.81
4.61 8.20
4.64 8.49
4.71 5.93
4.77 1.70
4.77 6.29
4.82 2.25
4.82 3.05
4.82 2.16
4.87 1.57
4.94 9.73
4.95 7.60
4.96 2.91
4.96 3.35
4.98 5.76
4.99 1.21
5.11 9.71
5.13 6.68
5.13 8.39
5.18 2.08
5.19 4.01
5.20 0.78
5.26 0.86
5.27 7.70
5.31 7.57
5.32 0.39
5.32 0.88
5.33 1.55
5.33 8.44
5.52 9.20
5.55 0.15
5.56 4.17
5.58 4.26
5.73 7.56
5.77 5.93
5.77 8.78
5.79 5.30
5.79 4.53
5.84 2.65
5.84 2.44
5.94 1.80
5.95 3.62
6.03 4.92
6.09 2.59
6.09 6.27
6.10 5.26
6.13 2.96
6.18 6.43
6.19 5.96
6.20 2.81
6.22 0.41
6.26 8.36
6.29 2.29
6.36 7.17
6.38 5.24
6.39 7.60
6.40 3.54
6.41 4.32
6.46 0.06
6.50 2.48
6.53 2.57
6.53 3.13
6.55 8.58
6.57 9.67
6.57 8.59
6.59 7.62
6.59 0.36
6.67 2.89
6.67 4.97
6.67 8.79
6.74 6.38
6.75 4.83
6.84 9.11
6.84 3.83
6.86 8.10
6.86 0.94
6.87 1.00
6.88 1.66
6.92 4.43
6.98 3.12
7.00 5.68
7.01 3.17
7.12 1.83
7.19 1.13
7.28 1.39
7.29 6.39
7.31 3.28
7.39 9.32
7.40 2.02
7.48 6.29
7.50 3.69
7.65 6.99
7.76 2.88
7.82 7.19
7.83 7.98
7.83 7.74
7.86 3.07
7.94 5.48
7.98 7.33
8.02 6.78
8.08 9.19
8.09 1.32
8.27 2.91
8.27 3.31
8.29 6.76
8.29 3.30
8.30 3.94
8.33 2.34
8.33 9.25
8.37 8.18
8.38 7.24
8.40 3.94
8.62 2.04
8.65 4.92
8.65 0.94
8.66 7.21
8.69 5.47
8.71 0.72
8.73 8.31
8.83 6.26
8.85 1.86
8.89 0.77
8.90 1.25
8.90 3.49
8.98 1.36
9.02 8.51
9.03 9.84
9.04 1.91
9.08 6.22
9.10 8.74
9.12 1.98
9.13 8.20
9.21 6.85
9.24 1.70
9.31 7.21
9.43 9.16
9.44 4.51
9.50 9.20
9.52 9.16
9.56 5.89
9.59 9.19
9.79 7.44
9.84 0.04
9.85 9.35
9.85 3.38
9.86 7.08
9.98 0.54
9.99 2.18
10.00 2.04
2.33 9.27
