2.21 6.70
1.09 1.97
6.49 5.17
3.94 8.92
2.18 4.03
2.70 2.83
5.66 4.96
7.71 9.51
2.52 4.03
6.99 2.90
7.25 9.69
0.33 4.37
2.20 1.42
2.20 1.42
4.76 9.37
2.18 8.42
5.56 4.03
5.54 8.42
2.66 6.87
1.02 1.74
2.52 1.63
6.59 5.31
5.66 5.82
2.09 7.72
2.09 3.55
8.35 3.55
8.35 6.44
7.87 8.47
2.18 3.91
9.84 3.55
8.42 7.60
2.35 7.60
2.09 4.50
8.75 3.91
1.63 9.19
1.63 3.55
6.41 1.08
6.41 4.38
6.41 5.27
1.63 1.63
6.41 4.38
6.41 5.27
2.66 8.42
0.14 3.91
1.02 1.63
7.68 6.06
8.95 7.29
1.85 2.31
9.84 0.99
9.84 5.17
7.25 5.17
7.71 4.43
7.71 5.17
2.09 4.43
6.52 1.13
6.52 8.02
5.24 8.47
6.41 1.13
9.84 9.19
3.67 9.02
2.66 7.62
1.36 5.17
5.89 0.26
9.84 2.65
1.60 4.43
7.71 0.98
7.41 6.09
5.15 9.62
1.85 9.62
1.36 8.47
8.35 8.47
7.18 8.47
2.09 6.09
8.95 3.93
8.35 8.92
2.78 1.76
8.68 8.92
0.44 9.17
4.03 6.09
6.59 8.47
2.21 6.09
8.29 4.95
6.46 8.42
3.67 8.96
8.89 0.26
7.91 7.62
6.99 8.42
0.14 8.54
0.14 5.60
2.21 0.30
9.71 6.24
9.71 8.47
0.61 0.30
8.95 5.90
8.95 5.90
1.09 8.96
0.14 7.62
7.87 1.67
3.26 9.69
0.14 8.42
2.78 0.30
6.41 7.62
1.76 9.17
1.44 0.11
9.84 4.82
7.03 8.96
5.24 9.19
0.01 8.06
8.35 0.56
9.84 8.42
2.71 0.99
8.59 0.99
2.22 3.79
2.67 0.56
5.24 1.67
9.93 6.84
2.22 1.67
2.08 0.99
9.93 5.31
9.46 9.08
2.78 1.15
8.51 3.79
2.52 6.27
1.02 0.22
8.84 1.32
9.93 9.41
3.97 9.19
6.89 5.60
6.41 8.07
5.24 7.60
2.20 0.99
6.41 3.79
2.52 3.42
0.51 1.67
9.51 7.60
6.34 6.77
0.44 3.42
9.93 0.04
7.87 9.17
1.67 7.62
0.44 3.95
6.99 6.75
5.89 7.08
2.71 6.75
2.80 4.23
5.24 0.74
8.45 9.02
5.24 7.65
8.95 0.26
8.95 0.26
5.52 7.65
8.35 0.38
9.15 8.96
2.66 1.00
9.93 1.67
9.32 5.17
2.78 0.01
8.35 0.77
9.32 5.17
1.67 5.22
2.14 0.11
9.22 2.46
0.14 9.42
0.14 8.04
4.06 5.46
8.99 3.78
8.35 7.62
0.01 5.88
9.09 0.77
9.22 8.54
0.01 9.62
0.14 8.96
8.13 1.15
8.13 7.62
4.53 6.54
8.13 0.77
8.95 9.17
0.14 6.24
5.24 0.01
8.35 0.99
1.44 6.07
6.39 1.60
5.24 9.98
4.53 7.62
2.71 0.04
6.39 8.96
0.01 0.11
5.24 0.01
6.39 7.62
0.01 8.96
0.61 0.43
5.41 7.62
0.41 2.46
9.22 1.16
5.24 5.78
1.44 0.99
8.95 0.26
0.44 8.96
0.01 0.30
8.95 0.26
9.93 6.77
6.41 9.98
5.24 9.98
0.61 6.24
2.52 3.42
3.97 4.23
0.01 5.88
6.99 0.43
9.09 6.77
5.66 8.27
4.53 6.54
2.71 1.16
5.24 5.84
1.44 8.54
6.99 0.01
1.44 9.62
0.27 8.54
0.14 0.74
9.93 1.54
5.24 6.54
0.20 4.23
7.14 3.43
8.35 7.72
1.86 9.51
0.20 6.24
0.14 1.54
8.35 9.62
0.14 3.55
7.45 2.08
0.14 9.42
2.78 0.44
9.44 7.98
3.38 9.98
5.08 5.88
6.41 4.75
2.78 8.92
4.72 5.29
4.72 6.30
3.06 9.31
0.97 8.54
6.41 5.90
8.35 6.24
8.99 8.27
3.67 8.02
2.14 7.50
1.16 1.60
7.33 5.78
1.85 9.69
0.27 5.49
6.89 6.11
5.24 6.98
1.65 6.54
5.05 0.80
8.63 0.53
2.20 8.96
2.80 3.59
5.82 1.54
4.85 8.24
5.24 3.12
6.41 8.47
2.78 8.04
8.13 0.01
7.87 6.24
6.46 8.23
2.20 8.23
2.78 3.96
6.46 0.32
8.95 3.79
2.21 8.96
2.78 6.88
5.41 8.23
5.06 8.68
2.78 2.30
8.05 6.56
6.63 7.71
2.09 4.25
8.31 4.11
0.99 7.71
7.87 3.42
5.96 7.43
0.01 3.10
5.52 6.56
0.01 9.98
4.91 3.07
3.34 8.69
3.10 0.32
8.51 3.55
5.24 6.24
9.84 0.51
9.96 4.11
9.46 8.62
4.78 9.41
0.27 4.51
0.15 2.47
8.05 1.54
5.51 7.60
4.23 9.31
2.35 1.54
9.61 1.82
2.21 8.96
0.59 3.05
0.45 0.47
6.12 4.23
6.22 7.53
4.89 8.54
0.25 8.54
8.16 7.43
9.61 8.54
4.91 6.30
2.35 0.53
9.61 3.55
8.16 8.55
5.77 8.64
1.86 1.56
5.09 0.22
9.95 3.55
5.15 5.95
7.00 0.75
5.09 9.62
2.87 9.81
4.06 1.07
6.14 7.98
4.39 9.68
5.24 0.26
6.14 7.98
2.78 2.44
9.61 4.51
9.61 6.24
7.27 7.98
0.12 8.05
0.12 2.44
0.38 0.30
8.18 7.98
2.80 5.68
3.42 0.29
5.89 3.93
1.33 2.31
5.09 1.60
8.05 8.73
1.33 8.47
2.67 0.44
7.31 2.44
8.05 6.68
2.67 5.29
7.41 4.43
7.31 7.02
6.46 2.08
7.31 3.42
7.31 4.36
7.31 6.11
2.68 8.73
8.73 1.17
8.73 1.60
7.58 2.26
5.24 2.44
5.45 2.08
3.87 7.98
4.99 0.11
9.61 1.20
7.31 9.68
0.22 9.68
8.35 4.19
4.57 9.68
2.14 8.73
2.91 4.19
7.31 8.05
8.05 8.73
2.87 4.36
2.87 0.60
5.41 0.09
0.59 6.68
1.85 1.04
1.92 1.04
9.61 3.65
6.99 6.24
2.78 6.09
6.41 1.00
1.92 8.05
1.92 8.05
2.87 2.44
7.31 1.96
7.31 1.96
8.83 0.94
3.97 8.53
0.55 7.62
7.31 0.33
6.38 6.18
4.95 9.25
1.92 9.68
2.91 1.96
9.28 8.53
0.45 9.46
0.45 8.04
0.45 1.69
9.32 4.25
9.32 7.62
9.32 7.62
0.55 2.85
0.55 2.44
5.15 1.96
7.22 4.20
9.63 7.62
2.91 7.62
5.41 0.89
8.59 5.31
1.85 0.69
9.93 1.96
0.38 5.31
0.38 3.28
9.93 3.28
0.38 4.19
5.82 2.44
6.68 3.05
9.09 6.20
7.94 9.01
7.18 9.62
1.85 0.69
6.45 2.64
2.91 9.62
2.68 2.64
4.91 0.44
7.33 2.64
7.14 7.62
5.55 7.62
3.43 1.15
3.42 0.44
4.95 1.15
3.43 9.29
1.52 1.69
3.10 0.38
6.64 2.64
6.38 5.78
6.38 5.78
2.20 3.21
6.68 5.54
6.64 5.81
4.95 6.38
4.57 3.18
5.55 0.25
5.55 0.25
5.64 1.60
5.55 1.60
8.38 0.98
9.70 9.68
5.55 7.73
0.38 4.23
0.38 2.64
7.43 1.19
6.34 5.78
0.45 7.43
0.45 6.68
5.08 0.33
5.70 0.63
9.32 5.46
6.59 8.48
4.56 7.62
5.55 5.57
5.41 7.33
2.06 7.62
5.64 2.59
7.31 5.46
3.38 7.62
3.38 2.64
7.86 4.23
7.33 6.10
5.63 7.33
2.25 8.98
2.87 2.44
2.87 2.44
7.33 3.12
8.59 5.20
7.86 6.10
3.99 3.93
4.56 0.94
7.18 6.10
0.40 8.47
0.63 4.23
0.63 4.23
6.89 7.33
6.22 8.47
2.71 8.92
3.10 4.19
5.67 4.23
6.60 5.90
4.56 3.82
6.68 5.16
7.58 9.84
3.67 3.96
9.32 0.15
9.32 0.15
6.99 2.91
6.99 2.91
2.00 5.48
9.70 0.25
9.70 1.82
2.00 8.92
0.00 4.14
3.06 0.64
5.67 0.64
7.22 5.78
7.22 5.78
2.58 5.48
2.66 0.30
3.61 0.20
4.63 0.43
4.89 6.09
0.59 6.20
1.75 4.14
5.33 2.08
4.90 8.54
0.63 2.46
1.75 2.58
6.00 5.78
1.75 8.54
0.63 3.55
9.95 5.78
1.75 8.64
5.24 0.77
6.99 0.77
6.34 3.27
1.09 7.33
1.09 7.33
0.74 4.19
0.63 1.39
0.63 1.39
7.14 2.72
4.95 6.77
4.18 5.17
7.83 2.72
2.80 8.35
2.80 8.35
1.75 4.82
5.15 0.53
5.24 0.53
8.13 2.91
3.93 6.82
3.93 0.30
8.05 6.68
5.41 7.29
2.14 5.40
3.93 0.44
5.08 7.98
1.85 6.10
1.50 0.22
2.14 0.37
7.22 9.69
3.97 6.82
3.93 6.50
5.08 0.44
8.13 4.55
6.38 9.25
4.95 6.82
4.74 6.18
4.74 4.85
4.95 3.18
6.38 0.32
9.93 0.37
7.86 5.88
5.99 1.77
8.94 4.55
8.94 7.53
4.74 3.54
4.74 3.18
6.46 0.43
8.94 4.82
8.94 4.82
0.63 2.91
4.95 2.58
6.38 3.95
7.22 8.22
0.12 6.18
1.49 0.54
4.89 0.30
7.86 0.44
9.39 7.53
6.46 4.55
7.86 4.82
0.12 9.70
0.12 3.54
9.39 3.95
7.33 5.77
5.55 4.19
8.05 5.48
3.06 7.73
0.12 6.09
6.68 0.30
7.86 7.53
0.38 2.64
0.63 2.44
4.89 0.44
5.82 3.95
0.38 4.85
4.89 2.58
7.94 5.17
5.24 8.22
4.95 2.91
4.95 0.64
5.67 0.20
7.86 2.91
8.05 5.48
4.74 7.53
4.74 7.53
4.90 5.17
4.95 4.85
8.05 6.12
4.95 6.82
4.90 5.17
6.38 4.90
5.82 6.12
4.95 4.55
4.95 2.58
4.95 4.85
4.95 2.64
6.38 8.22
3.97 6.82
8.15 0.30
4.90 7.53
4.90 6.07
5.67 5.17
6.46 5.17
4.90 8.22
5.82 0.20
6.64 3.95
6.64 3.95
1.87 2.58
7.14 1.77
5.67 6.20
0.99 4.67
4.95 2.58
4.89 3.21
4.89 3.21
6.68 6.20
3.06 2.44
8.16 5.17
4.61 6.07
6.38 0.64
6.38 9.31
3.94 4.55
4.95 4.90
1.92 6.46
4.19 2.91
2.78 6.07
4.61 1.77
2.91 7.53
2.78 3.21
8.16 5.17
5.82 6.10
0.40 0.43
7.14 2.44
9.28 5.57
4.57 8.73
0.38 3.21
4.90 0.20
8.94 1.60
1.55 3.28
0.38 0.43
8.15 0.02
8.05 6.68
2.80 7.53
3.97 4.19
8.16 6.07
7.33 6.38
5.99 3.96
7.31 5.17
8.05 6.68
2.80 7.53
1.55 2.06
2.78 0.64
4.72 8.48
2.80 7.62
8.16 5.17
9.32 8.35
5.55 9.39
2.78 5.81
1.39 1.04
8.35 2.85
6.00 5.17
3.94 0.53
7.22 0.44
9.95 9.69
9.95 9.69
2.00 8.47
3.43 2.44
8.49 0.64
6.14 8.54
2.80 7.73
7.83 0.09
8.95 0.43
4.95 4.23
2.78 0.64
9.50 1.60
2.80 6.30
2.20 0.37
8.05 2.91
1.52 4.82
4.89 0.02
2.00 8.28
0.45 9.46
0.21 7.53
1.55 2.06
2.20 0.37
4.56 2.30
1.52 6.68
0.83 2.21
8.09 0.43
9.31 8.54
5.24 7.62
1.55 2.06
7.68 2.47
7.18 4.25
5.67 4.90
5.67 4.90
8.05 6.68
2.19 9.94
6.63 3.21
5.67 4.90
1.75 8.27
1.75 8.27
5.32 0.37
9.50 5.48
0.59 0.37
6.22 1.13
6.22 5.13
2.06 8.47
0.45 1.13
9.38 5.03
5.24 6.30
1.85 5.20
7.43 4.19
1.52 8.73
4.89 3.96
7.31 5.20
6.12 5.20
7.14 3.96
9.38 5.20
4.89 5.20
9.53 1.56
9.38 3.26
1.55 8.48
3.94 1.39
6.68 1.96
2.80 9.69
2.80 0.37
4.28 0.06
4.28 5.68
1.09 3.26
4.95 3.05
7.31 4.25
2.87 7.75
1.87 1.00
9.96 1.00
6.38 7.75
2.19 1.00
6.38 2.44
8.38 3.59
3.94 6.10
3.94 6.10
0.84 2.11
9.96 2.44
5.61 7.29
5.61 7.29
1.85 0.20
4.56 0.20
8.65 6.10
2.78 7.29
2.44 0.22
5.55 1.56
2.78 5.48
2.78 4.64
5.89 4.64
5.55 9.31
0.30 5.48
0.30 1.56
7.22 9.31
0.30 1.66
5.69 1.69
7.14 9.34
0.59 7.53
2.80 5.87
5.09 9.29
0.45 2.59
2.78 0.38
7.43 0.38
7.43 1.66
6.56 8.73
0.30 8.73
6.56 0.78
6.14 5.90
5.67 7.53
2.66 9.31
2.66 9.31
2.80 2.59
3.94 0.44
5.31 2.58
2.80 0.44
5.63 0.44
6.56 8.73
5.31 9.84
4.95 2.58
4.95 2.58
1.65 2.58
6.68 1.69
8.38 9.24
2.66 0.68
7.71 3.08
6.68 4.90
7.22 2.58
9.32 4.90
9.32 5.87
3.94 3.21
7.22 3.82
6.46 5.48
0.50 1.96
8.49 3.96
7.22 9.29
2.91 3.96
5.67 3.21
7.22 3.08
9.32 3.59
5.31 9.29
5.31 4.90
6.46 3.08
7.86 1.69
8.49 3.96
2.91 8.73
4.02 0.92
7.86 3.96
7.83 5.48
6.76 8.01
5.31 3.82
7.18 0.44
8.49 5.48
8.49 5.87
2.66 3.08
7.83 0.44
8.49 9.84
1.50 6.88
7.22 3.08
6.38 5.12
1.50 0.37
1.50 0.37
7.71 6.88
2.06 4.85
6.77 0.47
5.24 5.12
0.63 8.05
0.63 8.05
2.06 3.08
3.87 8.47
1.50 9.84
0.45 3.96
5.31 5.48
8.98 8.47
8.98 9.24
1.36 5.48
2.91 1.39
8.49 9.46
0.63 2.91
3.07 0.06
8.98 4.90
5.67 5.87
6.76 0.54
6.76 0.54
9.32 0.54
9.32 1.03
5.31 6.23
5.31 2.64
5.31 8.28
4.56 1.00
6.14 1.00
4.56 9.24
2.06 5.01
8.49 0.37
8.98 4.30
7.22 2.91
5.33 0.44
8.98 2.91
6.77 9.46
0.00 9.46
0.63 1.00
6.14 8.47
4.56 8.28
0.83 1.22
6.38 1.20
6.77 1.69
8.62 8.47
3.87 8.47
0.63 0.44
4.39 5.19
6.38 8.47
0.63 9.46
6.76 3.42
6.76 3.42
6.14 8.47
6.77 0.68
9.32 6.88
7.18 8.47
5.33 9.24
0.63 7.73
0.00 0.44
4.39 9.46
0.00 0.44
7.18 1.96
6.38 8.47
1.64 0.47
1.64 0.47
7.18 3.08
6.14 9.31
0.00 0.47
0.00 0.47
4.56 0.47
0.00 3.42
0.00 1.39
0.00 0.47
0.00 0.47
3.87 0.06
8.95 0.06
6.38 3.82
1.64 7.73
4.56 3.42
7.18 6.18
7.18 6.88
3.87 0.47
7.18 1.69
8.33 5.77
4.56 9.31
3.87 5.77
3.87 3.42
6.38 1.39
8.62 3.21
9.70 4.30
8.95 8.22
8.95 8.22
5.24 0.44
9.70 3.82
0.00 6.18
9.70 3.82
6.00 8.22
0.83 8.22
8.95 3.82
8.95 8.22
8.38 2.91
8.98 1.20
9.70 3.82
7.18 4.30
6.38 1.39
6.38 1.39
5.33 9.70
3.61 0.14
8.95 0.44
6.38 1.96
2.01 0.86
2.78 0.14
7.18 7.73
1.64 9.31
9.32 3.82
9.32 3.82
6.77 4.30
3.33 0.14
5.33 0.38
5.33 0.38
7.86 0.14
8.95 8.22
8.95 8.22
6.38 9.31
5.52 0.37
7.33 6.88
4.56 7.73
1.65 2.91
2.01 1.00
2.20 3.21
2.20 3.21
4.56 0.06
6.77 6.18
3.07 3.96
0.00 1.00
7.83 5.19
9.84 9.24
1.36 6.82
1.65 0.68
5.33 2.58
6.38 5.77
4.56 8.22
5.33 1.60
6.38 5.77
0.00 3.08
0.00 2.91
5.52 2.91
4.56 7.73
2.91 3.70
5.69 2.91
5.69 2.91
7.22 9.07
2.91 2.58
7.71 2.91
3.07 8.28
2.01 2.58
5.31 0.54
7.76 0.68
8.95 4.85
2.80 2.58
2.80 2.58
8.62 2.91
9.84 3.18
0.00 3.08
2.91 2.58
8.65 6.18
0.00 9.46
0.00 5.19
2.25 5.19
0.00 9.46
0.40 2.25
2.78 2.25
8.16 4.90
8.65 8.22
1.65 5.19
1.64 1.03
9.70 6.46
0.63 8.73
0.63 8.73
2.25 1.39
8.95 2.91
4.56 2.91
4.56 2.91
8.95 0.06
4.56 2.91
4.56 2.91
4.56 2.91
8.65 3.82
8.65 4.62
8.65 5.12
0.00 9.24
1.57 1.00
9.70 0.06
7.22 9.46
5.55 1.00
7.47 9.46
5.55 2.58
9.32 2.91
8.40 4.30
4.56 2.58
2.93 1.10
7.47 0.06
6.48 9.24
2.93 6.23
2.01 0.06
4.56 0.06
7.22 1.20
9.32 4.76
0.00 6.23
0.00 5.73
2.01 0.47
8.65 4.76
0.00 4.30
2.01 0.47
8.65 2.91
2.01 0.47
8.40 1.20
8.40 4.62
6.68 5.73
9.32 1.10
9.50 4.62
1.11 2.58
5.63 0.68
8.40 3.70
3.94 0.68
9.50 4.30
8.40 4.62
1.80 4.76
1.11 0.68
9.32 1.20
9.32 5.73
3.94 5.73
9.32 0.86
9.50 6.73
1.80 6.73
1.11 6.23
0.36 1.20
6.68 0.68
5.31 8.81
5.31 8.81
8.27 2.48
9.32 1.20
6.68 9.07
1.80 4.62
8.33 0.14
4.56 8.81
0.36 6.23
0.36 0.86
9.81 0.86
8.98 5.93
0.36 4.76
0.36 0.68
5.26 0.14
9.81 4.90
6.68 7.92
0.36 4.30
2.19 0.14
8.27 5.82
0.36 4.30
9.81 4.30
6.68 4.62
6.68 4.30
8.27 8.81
8.27 8.81
4.40 2.91
5.31 0.68
9.50 0.41
9.50 4.62
5.26 8.18
4.40 2.93
4.40 0.14
5.26 0.41
5.26 8.18
5.26 8.18
1.11 5.82
1.80 1.20
8.40 6.82
5.31 8.81
5.26 4.61
9.81 0.41
9.81 0.41
5.26 8.81
1.80 2.91
1.80 2.91
4.40 2.91
4.40 2.91
4.40 0.14
5.26 1.00
7.86 5.82
1.11 8.18
1.11 2.91
3.94 3.54
1.80 8.18
1.80 6.82
5.31 9.24
1.80 8.18
1.80 4.61
1.80 1.00
8.40 2.18
8.98 5.82
8.40 3.94
8.27 2.18
8.98 5.82
8.98 8.18
8.40 3.54
8.40 2.91
8.40 3.94
1.11 4.61
1.11 3.94
1.11 2.18
1.80 2.18
8.40 3.94
1.80 3.94
8.40 3.54
8.40 3.94
8.40 8.18
1.11 3.54
8.40 3.94
8.40 3.94
8.40 3.54
8.40 1.20
8.98 6.82
8.98 6.82
8.40 8.18
8.40 3.54
8.40 5.93
8.40 5.93
1.11 0.86
8.40 3.94
8.40 5.93
4.40 2.48
8.98 3.54
8.40 8.18
8.40 3.54
8.40 3.54
4.40 2.18
8.98 2.18
8.40 3.54
8.40 3.54
8.98 0.14
8.98 3.94
8.40 3.94
8.40 3.94
8.40 3.54
8.40 3.54
8.40 3.94
1.80 3.94
8.98 0.14
8.98 0.14
8.98 3.94
1.11 6.82
1.11 3.94
8.40 2.48
8.98 6.82
1.80 6.82
8.98 0.14
8.40 2.18
1.80 3.94
1.11 2.18
1.80 1.01
8.40 3.94
1.11 0.86
8.40 2.98
8.40 5.93
8.40 5.93
1.80 3.54
1.11 1.01
8.40 3.94
8.40 3.94
8.40 6.82
1.11 0.14
8.98 0.14
8.98 6.82
8.98 3.94
8.98 3.94
8.98 5.93
1.11 3.94
8.27 3.94
5.84 6.82
8.40 0.14
8.98 0.14
8.40 6.12
8.40 1.01
8.40 7.60
7.86 1.01
8.40 3.94
7.86 2.48
8.40 1.01
8.40 1.01
8.40 5.93
7.86 7.92
3.65 8.18
3.65 0.20
8.40 1.01
6.22 1.01
6.22 1.01
6.22 8.18
5.26 1.01
8.27 0.63
3.65 8.18
3.29 3.94
5.31 3.54
6.84 3.62
3.27 0.01
